Imagem A:
[[125   5  72 195 230]
 [240  18  30  47  46]
 [109 144 138  67 232]
 [122 225 171  72 248]
 [140   8 131  34  68]]
Imagem B (Gaussiano):
[[  9  10  14  16  -5]
 [-10   3  29  13  10]
 [  1  -8   4   8 -13]
 [  1  -5   4   3   5]
 [  4   3  -3   7  12]]
Imagem A degradada (Gaussiano):
[[134  15  86 211 225]
 [230  21  59  60  56]
 [110 136 142  75 219]
 [123 220 175  75 253]
 [144  11 128  41  80]]
Imagem B (Poisson):
[[11 10  8  5  8]
 [12 13 13 12  7]
 [11 15 14  7 14]
 [10  8 16 11 11]
 [15  6  9  9 14]]
Imagem A degradada (Poisson):
[[136  15  80 200 238]
 [252  31  43  59  53]
 [120 159 152  74 246]
 [132 233 187  83 255]
 [155  14 140  43  82]]
